0,504
2971,5
2971,4
2971,3
2971,2
2971,1
2971,0
2970,4
2970,3
2970,2
2970,1
2970,0
2969,3
2969,2
2969,1
2969,0
2968,5
2968,4
2968,3
2968,2
2968,1
2968,0
2967,4
2967,3
2967,2
2967,1
2967,0
2966,3
2966,2
2966,1
2966,0
2965,4
2965,3
2965,2
2965,1
2965,0
2964,5
2964,4
2964,3
2964,2
2964,1
2964,0
0,497
0,496
2963,4
2963,3
2963,2
2963,1
2963,0
2962,3
2962,2
2962,1
2962,0
2961,4
2961,3
2961,2
2961,1
2961,0
2960,5
2960,4
2960,3
2960,2
2960,1
2960,0
2959,4
2959,3
2959,2
2959,1
2959,0
2958,4
2958,3
2958,2
2958,1
2958,0
14,36
2957,5
2957,4
2957,3
2957,2
2957,1
2957,0
2956,4
2956,3
2956,2
2956,1
2956,0
2955,4
2955,3
2955,2
2955,1
2955,0
2954,4
2954,3
2954,2
2954,1
2954,0
2953,4
2953,3
2953,2
2953,1
2953,0
2952,3
2952,2
2952,1
2952,0
2951,4
2951,3
2951,2
2951,1
2951,0
2950,3
2950,2
2950,1
2950,0
2949,5
2949,4
2949,3
2949,2
2949,1
2949,0
2948,5
2948,4
2948,3
2948,2
2948,1
2948,0
2947,4
2947,3
2947,2
2947,1
2947,0
0,490
2946,4
2946,3
2946,2
2946,1
2946,0
2945,4
2945,3
2945,2
2945,1
2945,0
2944,3
2944,2
2944,1
2944,0
0,485
0,484
2943,5
2943,4
2943,3
2943,2
2943,1
2943,0
2942,4
2942,3
2942,2
2942,1
2942,0
2941,3
2941,2
2941,1
2941,0
2940,5
2940,4
2940,3
2940,2
2940,1
2940,0
2939,4
2939,3
2939,2
2939,1
2939,0
2938,3
2938,2
2938,1
2938,0
2937,4
2937,3
2937,2
2937,1
2937,0
0,479
2936,5
2936,4
2936,3
2936,2
2936,1
2936,0
2935,4
2935,3
2935,2
2935,1
2935,0
2934,3
2934,2
2934,1
2934,0
2933,4
2933,3
2933,2
2933,1
2933,0
14,35
2932,5
2932,4
2932,3
2932,2
2932,1
2932,0
2931,4
2931,3
2931,2
2931,1
2931,0
2930,4
2930,3
2930,2
2930,1
2930,0
2929,5
2929,4
2929,3
2929,2
2929,1
2929,0
2928,4
2928,3
2928,2
2928,1
2928,0
2927,4
2927,3
2927,2
2927,1
2927,0
2926,4
2926,3
2926,2
2926,1
2926,0
2925,4
2925,3
2925,2
2925,1
2925,0
2924,3
2924,2
2924,1
2924,0
2923,4
2923,3
2923,2
2923,1
2923,0
2922,3
2922,2
2922,1
2922,0
2921,5
2921,4
2921,3
2921,2
2921,1
2921,0
2920,5
2920,4
2920,3
2920,2
2920,1
2920,0
